0.280584 0.0117413 0
0.310454 0.0145467 0
0.340294 0.0176505 0
0.370098 0.0210523 0
0.39987 0.0247523 0
0.429602 0.0287496 0
0.459295 0.0330444 0
0.488942 0.0376357 0
0.518538 0.0425227 0
0.548089 0.0477061 0
0.577584 0.0531845 0
0.607024 0.0589578 0
0.636404 0.0650248 0
0.665721 0.0713854 0
0.694974 0.078039 0
0.724159 0.0849846 0
0.753273 0.0922219 0
0.782315 0.0997503 0
0.811275 0.107568 0
0.840159 0.115675 0
0.86896 0.12407 0
0.897677 0.132754 0
0.926304 0.141724 0
0.95484 0.150979 0
0.983281 0.16052 0
1.01163 0.170345 0
1.03988 0.180453 0
1.06802 0.190842 0
1.09606 0.201512 0
1.12399 0.212463 0
1.15181 0.223692 0
1.17951 0.235199 0
1.2071 0.246982 0
1.23457 0.25904 0
1.26192 0.271373 0
1.28914 0.283979 0
1.31624 0.296856 0
1.3432 0.310003 0
1.37004 0.323419 0
1.39673 0.337103 0
1.42329 0.351052 0
1.44971 0.365268 0
1.47599 0.379747 0
1.50211 0.394487 0
1.52809 0.409488 0
1.55392 0.424748 0
1.5796 0.440266 0
1.60512 0.45604 0
1.63047 0.472067 0
1.65567 0.488349 0
1.68071 0.50488 0
1.70557 0.521663 0
1.73027 0.538692 0
1.7548 0.555967 0
1.77915 0.573487 0
1.80333 0.59125 0
1.82732 0.609253 0
1.85114 0.627496 0
1.87477 0.645975 0
1.89822 0.66469 0
1.92148 0.68364 0
1.94455 0.70282 0
1.96742 0.72223 0
1.9901 0.741867 0
2.01258 0.76173 0
2.03487 0.781818 0
2.05695 0.802128 0
2.07882 0.822657 0
2.10049 0.843403 0
2.12195 0.864366 0
2.1432 0.885542 0
2.16424 0.906929 0
2.18506 0.928525 0
2.20567 0.950329 0
2.22606 0.972339 0
2.24622 0.99455 0
2.26616 1.01696 0
2.28588 1.03957 0
2.30537 1.06238 0
2.32463 1.08538 0
2.34366 1.10857 0
2.36246 1.13195 0
2.38102 1.15552 0
2.39935 1.17927 0
2.41743 1.2032 0
2.43528 1.22732 0
2.45289 1.25161 0
2.47025 1.27608 0
2.48736 1.30071 0
2.50423 1.32552 0
2.52085 1.3505 0
2.53722 1.37564 0
2.55334 1.40094 0
2.5692 1.4264 0
2.58481 1.45202 0
2.60016 1.4778 0
2.61525 1.50373 0
2.63009 1.5298 0
2.64466 1.55603 0
2.65896 1.5824 0
2.67301 1.60891 0
2.68678 1.63556 0
2.7003 1.66234 0
2.71354 1.68926 0
2.72651 1.71631 0
2.73921 1.74349 0
2.75164 1.77079 0
2.76379 1.79822 0
2.77567 1.82577 0
2.78728 1.85343 0
2.7986 1.88121 0
2.80965 1.90911 0
2.82042 1.93711 0
2.83091 1.96521 0
2.84112 1.99342 0
2.85104 2.02173 0
2.86068 2.05014 0
2.87004 2.07865 0
2.87911 2.10724 0
2.88789 2.13593 0
2.89639 2.1647 0
2.9046 2.19356 0
2.91252 2.22249 0
2.92014 2.2515 0
2.92748 2.28059 0
2.93453 2.30975 0
2.94129 2.33898 0
2.94775 2.36828 0
2.95392 2.39764 0
2.9598 2.42706 0
2.96538 2.45653 0
2.97067 2.48606 0
2.97566 2.51564 0
2.98035 2.54527 0
2.98475 2.57495 0
2.98885 2.60467 0
2.99266 2.63442 0
2.99616 2.66422 0
2.99937 2.69405 0
3.00228 2.72391 0
3.00489 2.75379 0
3.00721 2.7837 0
3.00922 2.81364 0
3.01093 2.84359 0
3.01235 2.87355 0
3.01346 2.90353 0
3.01428 2.93352 0
3.01479 2.96352 0
3.01501 2.99352 0
3.01492 3.02352 0
3.01453 3.05351 0
3.01385 3.08351 0
3.01286 3.11349 0
3.01158 3.14346 0
3.00999 3.17342 0
3.00811 3.20336 0
3.00593 3.23328 0
3.00344 3.26318 0
3.00066 3.29305 0
2.99758 3.32289 0
2.9942 3.3527 0
2.99053 3.38247 0
2.98655 3.41221 0
2.98228 3.4419 0
2.97772 3.47155 0
2.97285 3.50116 0
2.96769 3.53071 0
2.96224 3.56021 0
2.95649 3.58965 0
2.95044 3.61904 0
2.94411 3.64836 0
2.93748 3.67762 0
2.93055 3.70681 0
2.92334 3.73593 0
2.91584 3.76498 0
2.90804 3.79395 0
2.89996 3.82284 0
2.89158 3.85164 0
2.88292 3.88037 0
2.87398 3.909 0
2.86474 3.93754 0
2.85523 3.96599 0
2.84542 3.99435 0
2.83534 4.0226 0
2.82497 4.05075 0
2.81432 4.0788 0
2.80339 4.10674 0
2.79219 4.13457 0
2.7807 4.16228 0
2.76894 4.18988 0
2.75691 4.21736 0
2.7446 4.24472 0
2.73201 4.27195 0
2.71916 4.29906 0
2.70603 4.32603 0
2.69264 4.35288 0
2.67897 4.37958 0
2.66504 4.40616 0
2.65085 4.43259 0
2.63639 4.45887 0
2.62167 4.48501 0
2.60669 4.511 0
2.59145 4.53685 0
2.57596 4.56253 0
2.5602 4.58806 0
2.54419 4.61344 0
2.52793 4.63865 0
2.51142 4.66369 0
2.49466 4.68857 0
2.47765 4.71329 0
2.46039 4.73783 0
2.44289 4.76219 0
2.42515 4.78638 0
2.40717 4.81039 0
2.38894 4.83423 0
2.37048 4.85787 0
2.35178 4.88133 0
2.33285 4.90461 0
2.31369 4.92769 0
2.2943 4.95058 0
2.27468 4.97328 0
2.25484 4.99577 0
2.23477 5.01807 0
2.21447 5.04017 0
2.19396 5.06206 0
2.17323 5.08375 0
2.15229 5.10523 0
2.13113 5.1265 0
2.10976 5.14755 0
2.08818 5.16839 0
2.06639 5.18901 0
2.0444 5.20941 0
2.0222 5.2296 0
1.99981 5.24956 0
1.97721 5.26929 0
1.95442 5.2888 0
1.93144 5.30808 0
1.90826 5.32713 0
1.88489 5.34594 0
1.86134 5.36453 0
1.8376 5.38287 0
1.81369 5.40098 0
1.78958 5.41884 0
1.76531 5.43647 0
1.74086 5.45385 0
1.71623 5.47098 0
1.69144 5.48787 0
1.66647 5.50451 0
1.64135 5.5209 0
1.61606 5.53704 0
1.59061 5.55292 0
1.565 5.56855 0
1.53924 5.58392 0
1.51332 5.59903 0
1.48726 5.61389 0
1.46104 5.62848 0
1.43469 5.64281 0
1.40819 5.65687 0
1.38155 5.67067 0
1.35477 5.6842 0
1.32787 5.69747 0
1.30083 5.71046 0
1.27366 5.72318 0
1.24636 5.73563 0
1.21894 5.74781 0
1.19141 5.75971 0
1.16375 5.77134 0
1.13598 5.78269 0
1.1081 5.79376 0
1.08011 5.80455 0
1.05201 5.81506 0
1.0238 5.82529 0
0.9955 5.83523 0
0.967101 5.8449 0
0.938604 5.85428 0
0.910015 5.86337 0
0.881336 5.87218 0
0.852572 5.88069 0
0.823724 5.88893 0
0.794795 5.89687 0
0.765787 5.90452 0
0.736704 5.91188 0
0.707549 5.91896 0
0.678326 5.92574 0
0.649036 5.93222 0
0.619682 5.93842 0
0.590268 5.94432 0
0.560796 5.94992 0
0.53127 5.95523 0
0.501692 5.96025 0
0.472066 5.96497 0
0.442393 5.96939 0
0.412678 5.97351 0
0.382923 5.97734 0
0.353132 5.98087 0
0.323307 5.9841 0
0.29345 5.98704 0
0.263566 5.98967 0
0.233657 5.99201 0
0.203726 5.99405 0
0.173777 5.99578 0
0.143811 5.99722 0
0.113831 5.99836 0
0.083845 5.9992 0
0.0538497 5.99974 0
0.0238507 5.99997 0
-0.00614891 5.99991 0
-0.0361482 5.99955 0
-0.0661406 5.99889 0
-0.096125 5.99793 0
-0.126099 5.99667 0
-0.156058 5.99511 0
-0.186001 5.99325 0
-0.215922 5.99109 0
-0.245821 5.98863 0
-0.275694 5.98587 0
-0.305538 5.98281 0
-0.33535 5.97946 0
-0.365127 5.97581 0
-0.394866 5.97186 0
-0.424564 5.96761 0
-0.454218 5.96307 0
-0.483825 5.95823 0
-0.513381 5.95309 0
-0.542886 5.94766 0
-0.572334 5.94193 0
-0.601724 5.93591 0
-0.631052 5.9296 0
-0.660315 5.92299 0
-0.689512 5.91609 0
-0.718637 5.9089 0
-0.747688 5.90142 0
-0.776665 5.89365 0
-0.805562 5.88559 0
-0.834376 5.87724 0
-0.863105 5.8686 0
-0.891748 5.85967 0
-0.920299 5.85046 0
-0.948756 5.84097 0
-0.977118 5.83119 0
-1.00538 5.82113 0
-1.03354 5.81078 0
-1.06159 5.80016 0
-1.08954 5.78925 0
-1.11738 5.77807 0
-1.1451 5.7666 0
-1.17271 5.75486 0
-1.2002 5.74285 0
-1.22757 5.73056 0
-1.25481 5.718 0
-1.28193 5.70517 0
-1.30891 5.69206 0
-1.33577 5.67869 0
-1.36249 5.66505 0
-1.38907 5.65114 0
-1.41551 5.63697 0
-1.44181 5.62253 0
-1.46796 5.60783 0
-1.49396 5.59287 0
-1.51982 5.57765 0
-1.54552 5.56217 0
-1.57106 5.54644 0
-1.59645 5.53045 0
-1.62167 5.51421 0
-1.64673 5.49772 0
-1.67162 5.48098 0
-1.69635 5.46399 0
-1.7209 5.44675 0
-1.74528 5.42927 0
-1.76949 5.41155 0
-1.79351 5.39358 0
-1.81736 5.37538 0
-1.84102 5.35694 0
-1.8645 5.33826 0
-1.88778 5.31935 0
-1.91088 5.3002 0
-1.93379 5.28083 0
-1.9565 5.26123 0
-1.97901 5.2414 0
-2.00133 5.22135 0
-2.02344 5.20107 0
-2.04535 5.18058 0
-2.06705 5.15987 0
-2.08855 5.13894 0
-2.10984 5.11779 0
-2.1309 5.09644 0
-2.15176 5.07488 0
-2.1724 5.05311 0
-2.19282 5.03113 0
-2.21302 5.00895 0
-2.233 4.98657 0
-2.25275 4.96399 0
-2.27228 4.94122 0
-2.29158 4.91825 0
-2.31064 4.89509 0
-2.32948 4.87174 0
-2.34808 4.8482 0
-2.36644 4.82447 0
-2.38457 4.80057 0
-2.40245 4.77649 0
-2.4201 4.75222 0
-2.4375 4.72778 0
-2.45465 4.70317 0
-2.47156 4.67839 0
-2.48822 4.65344 0
-2.50463 4.62833 0
-2.52079 4.60305 0
-2.53669 4.57761 0
-2.55234 4.55202 0
-2.56773 4.52627 0
-2.58287 4.50036 0
-2.59774 4.47431 0
-2.61235 4.44811 0
-2.6267 4.42177 0
-2.64079 4.39528 0
-2.65461 4.36865 0
-2.66816 4.34189 0
-2.68145 4.31499 0
-2.69446 4.28796 0
-2.7072 4.2608 0
-2.71968 4.23352 0
-2.73187 4.20611 0
-2.7438 4.17858 0
-2.75545 4.15093 0
-2.76682 4.12317 0
-2.77791 4.0953 0
-2.78872 4.06731 0
-2.79926 4.03922 0
-2.80951 4.01103 0
-2.81948 3.98273 0
-2.82916 3.95433 0
-2.83856 3.92585 0
-2.84768 3.89727 0
-2.85651 3.8686 0
-2.86505 3.83984 0
-2.87331 3.811 0
-2.88127 3.78208 0
-2.88895 3.75307 0
-2.89633 3.724 0
-2.90343 3.69485 0
-2.91023 3.66563 0
-2.91674 3.63635 0
-2.92296 3.607 0
-2.92888 3.57759 0
-2.93451 3.54812 0
-2.93984 3.5186 0
-2.94488 3.48902 0
-2.94963 3.4594 0
-2.95407 3.42973 0
-2.95822 3.40002 0
-2.96207 3.37027 0
-2.96563 3.34048 0
-2.96888 3.31066 0
-2.97184 3.2808 0
-2.9745 3.25092 0
-2.97686 3.22102 0
-2.97892 3.19108 0
-2.98068 3.16114 0
-2.98214 3.13117 0
-2.9833 3.1012 0
-2.98417 3.07121 0
-2.98473 3.04121 0
-2.98499 3.01121 0
-2.98495 2.98122 0
-2.98462 2.95122 0
-2.98398 2.92122 0
-2.98304 2.89124 0
-2.9818 2.86126 0
-2.98027 2.8313 0
-2.97843 2.80136 0
-2.97629 2.77144 0
-2.97386 2.74154 0
-2.97113 2.71166 0
-2.96809 2.68181 0
-2.96476 2.652 0
-2.96113 2.62222 0
-2.95721 2.59248 0
-2.95298 2.56278 0
-2.94846 2.53312 0
-2.94365 2.50351 0
-2.93854 2.47395 0
-2.93313 2.44444 0
-2.92742 2.41499 0
-2.92143 2.38559 0
-2.91514 2.35626 0
-2.90855 2.32699 0
-2.90168 2.29778 0
-2.89451 2.26866 0
-2.88705 2.2396 0
-2.8793 2.21061 0
-2.87126 2.18171 0
-2.86294 2.15289 0
-2.85432 2.12415 0
-2.84542 2.0955 0
-2.83623 2.06695 0
-2.82676 2.03848 0
-2.817 2.01011 0
-2.80696 1.98184 0
-2.79664 1.95367 0
-2.78604 1.92561 0
-2.77515 1.89765 0
-2.76399 1.86981 0
-2.75255 1.84207 0
-2.74083 1.81446 0
-2.72884 1.78696 0
-2.71657 1.75958 0
-2.70403 1.73233 0
-2.69122 1.7052 0
-2.67814 1.6782 0
-2.66479 1.65134 0
-2.65117 1.62461 0
-2.63728 1.59802 0
-2.62313 1.57157 0
-2.60871 1.54526 0
-2.59404 1.51909 0
-2.5791 1.49308 0
-2.5639 1.46721 0
-2.54844 1.4415 0
-2.53273 1.41594 0
-2.51676 1.39055 0
-2.50054 1.36531 0
-2.48407 1.34024 0
-2.46735 1.31533 0
-2.45038 1.29059 0
-2.43316 1.26602 0
-2.4157 1.24163 0
-2.39799 1.21741 0
-2.38005 1.19337 0
-2.36186 1.16951 0
-2.34344 1.14583 0
-2.32478 1.12234 0
-2.30588 1.09903 0
-2.28676 1.07592 0
-2.26741 1.053 0
-2.24782 1.03028 0
-2.22801 1.00775 0
-2.20798 0.985417 0
-2.18772 0.963288 0
-2.16725 0.941364 0
-2.14655 0.919644 0
-2.12564 0.898131 0
-2.10451 0.876832 0
-2.08318 0.855743 0
-2.06163 0.83487 0
-2.03987 0.814211 0
-2.01792 0.793773 0
-1.99575 0.773554 0
-1.97339 0.753558 0
-1.95082 0.733787 0
-1.92806 0.714242 0
-1.90511 0.694926 0
-1.88197 0.675841 0
-1.85863 0.656987 0
-1.83511 0.638369 0
-1.8114 0.619987 0
-1.78751 0.601842 0
-1.76344 0.583937 0
-1.73919 0.566273 0
-1.71476 0.548854 0
-1.69017 0.531679 0
-1.6654 0.514751 0
-1.64046 0.498068 0
-1.61536 0.481642 0
-1.5901 0.465465 0
-1.56467 0.449541 0
-1.53909 0.433872 0
-1.51335 0.41846 0
-1.48746 0.403305 0
-1.46142 0.388411 0
-1.43523 0.373776 0
-1.40889 0.359405 0
-1.38242 0.345299 0
-1.3558 0.331458 0
-1.32905 0.317884 0
-1.30216 0.304577 0
-1.27514 0.291541 0
-1.24799 0.278775 0
-1.22072 0.266281 0
-1.19332 0.254061 0
-1.1658 0.242115 0
-1.13816 0.230445 0
-1.11041 0.219053 0
-1.08254 0.207937 0
-1.05457 0.197102 0
-1.02649 0.186547 0
-0.998301 0.176273 0
-0.970014 0.166281 0
-0.941628 0.156572 0
-0.913148 0.147149 0
-0.884573 0.13801 0
-0.855909 0.129157 0
-0.827159 0.120592 0
-0.798322 0.112315 0
-0.769406 0.104326 0
-0.740411 0.096627 0
-0.71134 0.0892181 0
-0.682196 0.0821003 0
-0.652983 0.0752744 0
-0.623703 0.0687409 0
-0.594359 0.0625003 0
-0.564954 0.0565538 0
-0.535492 0.0509017 0
-0.505983 0.0455459 0
-0.476405 0.0404824 0
-0.446786 0.0357163 0
-0.41712 0.0312467 0
-0.387412 0.0270741 0
-0.357663 0.0231986 0
-0.327876 0.0196208 0
-0.298057 0.0163412 0
-0.268205 0.0133598 0
-0.238325 0.0106771 0
-0.208418 0.00829322 0
-0.178492 0.00620881 0
-0.148544 0.00442354 0
-0.118581 0.00293792 0
-0.088603 0.00175191 0
-0.0586184 0.000865873 0
-0.0286251 0.000279674 0
0.00137287 -6.57875e-06 0
0.0313736 7.15119e-06 0
0.0613704 0.000320866 0
0.0913651 0.000934564 0
0.12135 0.00184813 0
0.151326 0.00306152 0
0.181288 0.0045746 0
0.211234 0.00638726 0
0.241158 0.00849917 0
0.271062 0.0109104 0
0.300939 0.0136204 0
0.330787 0.016629 0
0.360605 0.019936 0
0.39039 0.0235413 0
0.420134 0.0274438 0
0.449839 0.0316438 0
0.479508 0.0361417 0
0.509114 0.0409334 0
0.538678 0.0460222 0
0.568191 0.0514067 0
0.597648 0.0570859 0
0.627047 0.0630595 0
0.656386 0.0693267 0
0.685659 0.0758869 0
0.714866 0.0827396 0
0.744003 0.089884 0
0.773067 0.0973194 0
0.802056 0.105045 0
0.830965 0.11306 0
0.859794 0.121365 0
0.888536 0.129956 0
0.917192 0.138835 0
0.945758 0.147999 0
0.974231 0.15745 0
1.00261 0.167184 0
1.03089 0.177201 0
1.05906 0.187501 0
1.08713 0.198082 0
1.1151 0.208943 0
1.14295 0.220084 0
1.1707 0.231502 0
1.19832 0.243197 0
1.22583 0.255168 0
1.25322 0.267414 0
1.28048 0.279932 0
1.30762 0.292723 0
1.33462 0.305784 0
1.3615 0.319115 0
1.38824 0.332714 0
1.41484 0.346579 0
1.44131 0.36071 0
1.46763 0.375105 0
1.4938 0.389762 0
1.51983 0.404681 0
1.54571 0.419858 0
1.57143 0.435295 0
1.597 0.450987 0
1.62241 0.466934 0
1.64766 0.483134 0
1.67275 0.499587 0
1.69767 0.516289 0
1.72242 0.53324 0
1.747 0.550437 0
1.77141 0.567879 0
1.79564 0.585564 0
1.8197 0.603491 0
1.84357 0.621658 0
1.86727 0.640063 0
1.89077 0.658703 0
1.91409 0.677577 0
1.93722 0.696683 0
1.96015 0.71602 0
1.9829 0.735586 0
2.00544 0.755378 0
2.02779 0.775395 0
2.04993 0.795633 0
2.07188 0.816094 0
2.09361 0.836771 0
2.11514 0.857664 0
2.13646 0.878772 0
2.15756 0.900093 0
2.17845 0.921623 0
2.19913 0.943362 0
2.21959 0.965306 0
2.23982 0.987453 0
2.25983 1.0098 0
2.27962 1.03235 0
2.29919 1.05509 0
2.31852 1.07803 0
2.33762 1.10116 0
2.3565 1.12448 0
2.37513 1.14799 0
2.39353 1.17168 0
2.4117 1.19556 0
2.42962 1.21962 0
2.4473 1.24385 0
2.46474 1.26826 0
2.48194 1.29285 0
2.49889 1.3176 0
2.51559 1.34252 0
2.53203 1.36761 0
2.54823 1.39286 0
2.56418 1.41827 0
2.57987 1.44385 0
2.5953 1.46957 0
2.61047 1.49545 0
2.62539 1.52148 0
2.64004 1.54766 0
2.65443 1.57398 0
2.66856 1.60045 0
2.68242 1.62705 0
2.69602 1.65379 0
2.70935 1.68067 0
2.72241 1.70768 0
2.73519 1.73482 0
2.74771 1.76208 0
2.75995 1.78947 0
2.77192 1.81698 0
2.78361 1.84461 0
2.79503 1.87235 0
2.80616 1.90021 0
2.81702 1.92817 0
2.8276 1.95625 0
2.83789 1.98443 0
2.84791 2.0127 0
2.85764 2.04108 0
2.86709 2.06956 0
2.87625 2.09812 0
2.88512 2.12678 0
2.89371 2.15552 0
2.90201 2.18435 0
2.91002 2.21326 0
2.91775 2.24225 0
2.92518 2.27132 0
2.93232 2.30046 0
2.93917 2.32966 0
2.94572 2.35894 0
2.95199 2.38828 0
2.95796 2.41768 0
2.96363 2.44713 0
2.96901 2.47665 0
2.9741 2.50621 0
2.97889 2.53583 0
2.98338 2.56549 0
2.98758 2.5952 0
2.99148 2.62494 0
2.99508 2.65472 0
2.99838 2.68454 0
3.00139 2.71439 0
3.00409 2.74427 0
3.0065 2.77417 0
3.00861 2.8041 0
3.01042 2.83404 0
3.01193 2.864 0
3.01314 2.89398 0
3.01405 2.92397 0
3.01466 2.95396 0
3.01497 2.98396 0
3.01498 3.01396 0
3.01469 3.04396 0
3.0141 3.07395 0
3.01321 3.10394 0
3.01202 3.13391 0
3.01053 3.16389 0
3.00874 3.19382 0
3.00665 3.22375 0
3.00427 3.25366 0
3.00158 3.28354 0
2.9986 3.31339 0
2.99531 3.34321 0
2.99173 3.37299 0
2.98785 3.40274 0
2.98368 3.43245 0
2.9792 3.46211 0
2.97443 3.49173 0
2.96937 3.5213 0
2.96401 3.55082 0
2.95835 3.58028 0
2.9524 3.60968 0
2.94616 3.63903 0
2.93962 3.66831 0
2.93279 3.69752 0
2.92567 3.72666 0
2.91826 3.75573 0
2.91056 3.78473 0
2.90256 3.81364 0
2.89428 3.84248 0
2.88571 3.87123 0
2.87686 3.89989 0
2.86772 3.92846 0
2.85829 3.95694 0
2.84858 3.98533 0
2.83858 4.01361 0
2.8283 4.0418 0
2.81775 4.06988 0
2.80691 4.09785 0
2.79579 4.12571 0
2.78439 4.15347 0
2.77272 4.1811 0
2.76077 4.20862 0
2.74855 4.23602 0
2.73605 4.26329 0
2.72328 4.29044 0
2.71024 4.31745 0
2.69693 4.34434 0
2.68335 4.37109 0
2.66951 4.39771 0
2.6554 4.42418 0
2.64103 4.45051 0
2.62639 4.4767 0
2.61149 4.50274 0
2.59633 4.52863 0
2.58092 4.55437 0
2.56525 4.57995 0
2.54932 4.60537 0
2.53314 4.63063 0
2.51671 4.65573 0
2.50003 4.68067 0
2.48309 4.70543 0
2.46592 4.73003 0
2.44849 4.75445 0
2.43083 4.7787 0
2.41292 4.80277 0
2.39477 4.82665 0
2.37639 4.85036 0
2.35777 4.87388 0
2.33891 4.89721 0
2.31982 4.92036 0
2.3005 4.94331 0
2.28096 4.96607 0
2.26118 4.98863 0
2.24118 5.01099 0
2.22096 5.03315 0
2.20052 5.05511 0
2.17986 5.07686 0
2.15898 5.09841 0
2.13789 5.11974 0
2.11659 5.14086 0
2.09508 5.16177 0
2.07335 5.18246 0
2.05143 5.20294 0
2.02929 5.22319 0
2.00696 5.24322 0
1.98443 5.26303 0
1.9617 5.28261 0
1.93878 5.30196 0
1.91566 5.32109 0
1.89236 5.33998 0
1.86886 5.35863 0
1.84518 5.37705 0
1.82132 5.39524 0
1.79728 5.41318 0
1.77306 5.43088 0
1.74866 5.44834 0
1.72409 5.46555 0
1.69935 5.48252 0
1.67444 5.49924 0
1.64937 5.51571 0
1.62413 5.53193 0
1.59873 5.54789 0
1.57317 5.5636 0
1.54746 5.57905 0
1.52159 5.59425 0
1.49557 5.60919 0
1.46941 5.62386 0
1.4431 5.63827 0
1.41664 5.65242 0
1.39005 5.6663 0
1.36332 5.67992 0
1.33645 5.69327 0
1.30945 5.70635 0
1.28232 5.71916 0
1.25507 5.7317 0
1.22769 5.74396 0
1.20019 5.75595 0
1.17257 5.76766 0
1.14484 5.7791 0
1.11699 5.79026 0
1.08903 5.80114 0
1.06097 5.81174 0
1.0328 5.82206 0
1.00453 5.8321 0
0.976157 5.84185 0
0.947691 5.85132 0
0.919131 5.8605 0
0.890481 5.8694 0
0.861743 5.87801 0
0.832922 5.88634 0
0.804017 5.89437 0
0.775034 5.90212 0
0.745975 5.90957 0
0.716843 5.91674 0
0.687641 5.92361 0
0.658372 5.93019 0
0.629038 5.93648 0
0.599643 5.94247 0
0.570189 5.94817 0
0.54068 5.95357 0
0.511118 5.95868 0
0.481508 5.96349 0
0.451851 5.96801 0
0.42214 5.97223 0
0.392405 5.97615 0
0.362625 5.97978 0
0.332809 5.98311 0
0.302963 5.98614 0
0.273088 5.98887 0
0.243186 5.9913 0
0.213262 5.99343 0
0.183319 5.99526 0
0.153359 5.9968 0
0.123385 5.99803 0
0.0933988 5.99896 0
0.0634055 5.9996 0
0.0334076 5.99993 0
0.00340727 5.99997 0
-0.0265912 5.9997 0
-0.0565865 5.99913 0
-0.0865734 5.99827 0
-0.116551 5.9971 0
-0.146517 5.99564 0
-0.176464 5.99387 0
-0.206393 5.99181 0
-0.2363 5.98944 0
-0.266182 5.98678 0
-0.296037 5.98382 0
-0.325858 5.98056 0
-0.355646 5.977 0
-0.385397 5.97315 0
-0.415109 5.969 0
-0.444777 5.96455 0
-0.474399 5.9598 0
-0.503972 5.95476 0
-0.533496 5.94942 0
-0.56296 5.94379 0
-0.592369 5.93786 0
-0.621717 5.93164 0
-0.651004 5.92513 0
